$ANSIBLE_VAULT;1.1;AES256
34373439613334303635326431313361646437623363616564396264623536636162393661323830
3863326233356238623732306332373264303262373833630a396434313433656564343630356166
63623963366434663832653738353236333737356639366133326239633265636664356163626336
3264376130326432640a353635643331666466653663323836626339316332333930393363656135
63363766636539393064653833306334623434656634323965336463656532333638636135316438
30326263336139336332623637653136663838313433323364636537396133656465386333613531
38613061313934626664616137303332393335623263663361383861396336323535663638373661
34393062323465646662643336643266393031656133353735363166383238326330336134656633
37386135353562343231396264386162666362643964613863613163343665386138303065636633
64663431326466393837323635333164353663386333303531353635393633626136633230396330
66373661363939333231373330306132386536326364656336376538316239373361353261313032
64343134326435616365396137366137636539653466313961323063623233663638613536353632
38663764383737306233653265313038636461623438663331646135353462353661303366373065
66363434383166613432616161666536303666336331646637626664653533383465393832373533
34663231333664393936623965643837316135396364383865613361653130653032626635346631
34393636613562656139326333386566346332356334623635376637633963623335343362656238
6162
